$ANSIBLE_VAULT;1.1;AES256
64366338333434396232383730326638643564633734643864323863656531386332613963383162
3238333235343263656337636362316530323966336330610a323536653339343361353333333730
35643334396666393030613066383666393636646230306661323339623062313062626434373733
3038353831656662390a356361633166333864303662666232333864313466376463336130653562
66623262646537396264646366343464306634623837343033303435326265616234373332383432
61326663396463666630313230373730373337333435616566336431353363383939616435373864
61343536613331616438303232393135626432383761646432313030663263613031346130616439
38333431323365373765363631303336333637643065636531623431323265366665626461623330
62383439613034663464346464306362333638626530373234653063626663346666666531623030
64616635343565343134393537656538393865616363323664343632343336666363313164636432
30643131306465626262346433306237366630336632393432643130333238363461353536333666
37323632663364613138323335633239656131303663376535316233376139643562333462663763
36373736653162383366626166653735396634353236346136343531303635303737336435323931
37353163393631643635303533353235643839633631613866316630613934333833316337633339
32646462376136356531333762366539316135616362616135303932393139303837626163666563
36343939306462353363343865346565613131613162633535306630373931643263333138613730
36363533626330643831616238386130326631386438343866636335613463346261623230333335
65303362646164663662383564633264306364393161346661353031343236306363636335363364
39663831303034396365396434393531613430356530303034643530346632303662313735356665
64393330643338396466373664386536383461343430623939376466336665663839653139323061
36666534633534366339666439313031353032646234376262346461633535323239346235653532
62353164313465333061623638653839663931323533376536663736663561326430646563343263
37613662646434326239326232613237623833336438353133333039386264336165383365363562
61663934396232386336643861623962386230333130373065393535373835303866666364346366
64323433336464333766656164613632656562663765393266333262383338373036623234653638
32316662653135353734346431373134396631336334313738336634393364393733613438653365
31613862306538366438346330616566353966383237396631383561643035373166336537626464
31363665656130333633313239663865646634313035323430383062393366383261326635386664
34303137316437316239633435363761643431363732303566366561393634653537613331343964
61616261643433656230386462373132303432313835386265343137666435363464313631333232
31623734366235626262373035653865623638326331613935393835636331373161653635306464
33626235393434653533376463653762383263313066633134666161383339373538643462353832
30343231646137656661393962343065396236343661386532633065653437356135643262366363
36653162373536333165343335313038626638373561336663333530643463393434393531353361
33613738616432313333393162306433633736333731656263663932636638333165346430306635
32303732333832613238663538393466313234356366623764613562326161643366663634383031
66306132656462626334613839353837613633626162626533643862396465653235363932663863
65356433386131653665396131616662653530346662303963326638313664313766653231656662
34333266353335323561393435663338356435393433663130303965626261343437646432356462
62653431396563613731663262396438646334646632663539303865343832623362393735363332
39393962363131356265646464646563346536633931666132386361633531373237323430626131
36623037316665343038326366393463613562343134383033363266323737613935333631323432
61396362316635316664656164383634633163653830393037333064346463323338393266656634
63343063303034383164623561626333623064666338383834356432366639353836613032383632
34363137643466326239343934346338313435356630333063626234343830373037633639383331
36656639313731386433383665373734336235393437653533623965353030383338656634313134
35623563656130373430643239376530353634613834316132623438663433303265323735316662
64376564373865333037663966646662656431363432333761353837343032313163303530313262
63636664616138383938616233663366643362633538346437373937626239363763646665623533
31363237326261646461333434656366376664306564386563323335326631316364323061613666
63373131393832373266356136373735393864353464393435656437373532646539326562663830
39303230303133326163663031363466366430343030356433333266383631663734333531616462
37383835366466656638336331386339363461653839653762353939326630636538323330623839
30626666623037643663383639666430376539373262356463656361666263663963613632376665
37653266323264383033393032376263663861613237613861386535363135343633356536366262
61646366316266616435363238366332303332323132386535613136356265303239656663353362
37626565303135633665356537393838366331643066636633363661313561666234363231616636
31323236323632326533633234393462306533643632663565643530623634333834336534646534
61393263633632343164373738326638366263623663326439313430646336376635626431663865
31336561346163313431643764666335653830653137646636303034663933656535623033383735
34323131396435623434306166316331323933303164333263623935653435363464623861376461
33396234643265613730326132383932316234373034363462623738303735666664306263626232
31353233333664346439326333343263623937646634623362356230653839613338326635396332
64386532356265663333346139643665393130326330633437623662346564623234373431396565
34336131663061643238303633313738353464616666383265336561383437366536323830373561
37346438333432316535326636663537653331666137643061363633366338303931663864313535
65666234373037333235313765303537643264613265393732313165663439616433323231636566
65623938316265336138373836623738353632313134643938653832623335313635393136343262
34323866323032323936656132653266316266313235653433656665376462383065663834313065
66373239346233623763623336333764306534303066316534356335353132666639356266323339
62313539343939343663353630396465356533313533303365633139366230366434376663373766
30373465306532336336323466663233306430623838653362653865623639366539666638633937
64333463383732316265376630346231363662346465623237653566646364643234383863373633
37353337383633626663643564613231396663333433326266336562633238626232656132666239
33373734376361323534623261636132643731303137616138666338326137653165373966376631
37643031623633303131393631636263303734383730633634353536653334363565646639343330
35626139386130613562326338343963653065656639373139393861346364626231663934323961
31356662353333313333316131383434353466663636333334343262383537666363316264636538
65353865373433396239336263623765393634303563396132396435323433316661343863636164
36623835336638336339373631393433616466383462663861653563396330323566633662383137
32393161303039393261613661393561346265623131393961393162313632393863396639613163
34363964623834633533316338616134396562373639343065653132363438353366643332376363
39366430336237316265633531633464643737616164326433393365656461633662343734653536
62306532363030316562363361646433313164646664356565303038613538656634306361386338
61323461626235353837616461663139343830383634616438393532643166383333616639326361
65303739326630353165383964666361306465313233623831633064383262333437346362313364
66373566373366356430653737353931383062363130626439303964353739353139643032306661
62626335376537633264356539326165316535313836303731343436383433656138613537623033
36653632366539663231616162666235333334656135396233616638363762663466646261343263
30303362623339643432666164636635383366623762343939646631343433303835656164333731
65363261386664343963383431316436626232326131306232333461353066306236633330626561
31333036623732346338366238663336653632356430386433383231633239396535303739366464
31653264383262393238333166343765356237306364316138323261636539633566306165343164
65346334653066346531376462383831346532386363306463333434613637666130663962623061
37356637666135303662646630653430316463643765303865323564383437646231396463383837
64356334643032653139333166613237333530616234643035643835333066336131303930393935
33346564376631613336376162346334333230613132616534666337643836653635313339326164
61356362366130333037636332376431333937396664383631376535613063666661343332656139
36643066656663623563646239333863613637363338346332613335366231613266333064393061
62353563623334303861653664383335333463363161323634393731333661393436633061386233
61303634376135663832333935373130333331363132313762373666323136303136346233366462
63343932396338643430613961373466373136396266663538626432613738623939393564313663
66626333306332616265383366333363376232623665616463363138396137386164343839333433
65623164626235353262376231626131356636326236393639613433383139646535386165393166
66323839656262663034666233303037366132386637373334663864346566666164653638386138
32383539346438313538646630363634666332363961663731363464333934356262336431313132
30613232313163303031323561656162633430366539336564313337336264346434323934333261
64653836643036626533383735393537353633316634386138663735633932643238623361373630
66323935653731316231353066386639616634313938636337323963626662313239363063373863
62326132626662303739373436326261333465636432323436373961326138303838323239623639
37643832353565646633323961653832326565323334623937326464396636646365343961393939
32363635633331306538613734313039316233363930623764346537613166613662623136363764
34343736616266656531353438303963343564303763613263303565323533616531373561663235
37336665346466393463333738313866316133353531303331636636323635383664613662316139
64396236336338303864323032346534353239616430623237636233376337643335393139623335
35636665623434313062386361343432396138386239666539316565343835306633616133323239
34316530653837646339613239376162623330316234386634393164616330326466636534303636
62666538363033326533643937376536303330313166306166623162346133353837383039346332
36646161666335653065376539613034336136623666303432306534663764643466336165323761
30613235663331333361366639343263616630343961363265366565623532333435663034643438
38646239383662633039393438376662326230393235336361303862366336623831336465366130
34633935613334336230323661656537336431623737616662633033613234316663393134613132
36333830383238363862613761663532343165343964383432633465633632316138666238356337
32353362316538363334626430303662623633333139363132616665636366393361373839353830
39613465373063326664336133376339316538343463666265656464633363653165383662343361
35316637663631303665373737313763386433383336343138393132333732323733616663396364
37386266396362333364613934373465613961353463373530333037356132626530363939333136
38353064383435303462653435313565613634633635393239366430336630343835326163626635
39366161353265663662663761653563333536336535636565626665333762356330306638363161
35333632366638366363393430373061326639303138363438353961333235386632383937303863
35323130333633363963343338643637313865316132323861623338643865383339663633353938
30643433393366323939613033343334663961366662303732393231363865346333636263653738
62386264643830366364623465623466376435653161373739313834376239316435633761326366
64663035356263623133376264636530656237653062616439306235346465323837343266383836
363966316230663761393931666232623934
