$ANSIBLE_VAULT;1.1;AES256
30316235613935303762643962333933393337393262353333613631383463343534303163633066
3739306462366431666337383739623133343361346266380a333834343239373038353231383837
66323465663733313730383832396537323636653262353030326138663938663631313236396537
3831663731613833660a396238393130633138393232663331616465666137356439366534373862
65326633396332373735363463616661396264353564353237616165653462613230383737316466
64666461613264356238303162373032636536376139636436333431386365636232613563623861
31333837393930333261303365336434643064366666656535306565323430633866376663323861
65353830366239356430396534306562623538343661613364656263653635343038653664363933
33323034396537336435313162643632326136306166613463383561636363643761303062643962
61313831663466613233656363353062633033346164396536633130346564666535663336643838
65313539323031323833396566633431373330356537656636383363376366313637313063656162
62636634643532336233313062353636383030376538613263376133363433313530613432356261
35323937316238656261653338393630386564343966376337616362396438636264666562313633
63303332623064633137373031643664663737386164346266616138396132643662303732313165
30336238333665333164366566633232383934343739303634396464343565636133323538653666
62383730633038323736306131323337323761636233383231653830393435613835376662336566
38626462386165356565616266346565323563663764373833323930656438323164396334383233
37623539323939666230316433343265326163333732663162656436313231656333346335383266
33616630626636366331383132323034333761663634383762656465333735653533333639656266
38343634613231663432396136396366343538393733336563386232343236313764396535383034
37313438373137366462663434636265306164653062353833336530356631623262383831646363
37393735316230333433396532613939313739643364343436656266316435646538383330616162
62336263316231303332663036313735303966363664363334336236393932393162353630396632
65376264366362326230346639663030303866653161366131303266356562393635653761336366
36326633386536306264313532623133633765306439623938636264343638613063386561633463
31393364656533366338616662373537363133373235396534616563366530646534623961376231
39353239643461343761626431653736373366653930323662633536623462376438383064316439
63333166623036333966613164333031613431313064343338373232343033653738363663323266
64313732376339383961376132376137333061393337356638376564346133396633646636626564
31396562316138623162366531633662383237623935383438333763643634313038306630343839
31333132323130316633343265626165346535343631336363626331333634643837316138623335
38363535306162333436393664326537323333353334313361343833313061343630313930343538
64396133376531633237366662666434363336343661396661316339653232643263626231343065
36663833383963343135333763326462363835363834336130383636356163616232356230373664
61383536396236336336363336633639313565623535383731333164333737653564336466616561
61623562343563383765656562383032616337346365666166373539353366653330366161623335
62386239626163386339326637396132343437336435396535353731346336646666626130626562
31646436623738643737326665393634346561653839656362643531643363363935383533383863
37346233336630343864366136393236313461303565396365396535316434666161376531613735
62306561616530323735383263383131393538396233373832663637383363343933316133336638
30303566326334613261623338363733653061653830333665346337613330303432623130346438
65313038393263613462313266356336333732623561613335373133306239353434333566653961
64363235633439643937663661396565666333373432383963646538346631323630383238353832
30326333393362656132363461626633316234363430343637336632343966623133313639336261
32643134356464356334343831326134376538646664356166633135653263653935613433316234
65626262373863303761346236646266666536663366393239353737303064313534393264303133
36363161383339306330336336663462333539626264316632373237313264316330663262663465
34653463346566663833313338393064303835626635646630646463383531663030353263623865
32313037376364343635373239363261646336363166383231353237356331643865313066343231
63383338383264313932373164396437356330613930383033303036303365623337303130393037
31323165666430633034643464353836643439343732376335613766313364666234303933316639
64613135656130356361316365333837323438613338656138663638626536363632386130333161
30613664653431396139653162353866313965633233643030343237323761623533656233323736
33336564623334336431313061663265323663356139643239613666623438633433656166396332
61376438366332616633383037633262323839353932306261386234663038623034613061383232
62373736343265623032666330393262636364653864333635353634303938663561303162333037
61343535666266336665653033376530373566623065323366353663316331353764323964643739
34653430373634323764306336333436373936633737366464393239616334626332383764383632
62646566333733383831343765336466373531363966653631306162353163643334366139383761
61623034646638623465363563623765306539666165643566376165633833386531613561616466
32656332313530393635656361653338363238653865393465306536663762646364623533646533
65326332646239303462396265643665343230336363363733346132613631356165613833303731
36643934316666393961383739323239323432656238343831666330303733356630376263316436
63663838363965303634633032636534346132343366666435303933383564303063316633353262
34616264313432393566363966383064666530383630396337373161343561386538383234326237
62326332353832633133333539626332616439323066353630613034396230363038313463323936
38323466326666326633306237633537663863363466646265346662326162613633623462336437
32653865356239316565656462653932393337633163616131383231626431326235326239346534
36653635323262376631336439636161666362356231643639653533356165663034613233313039
33663964616265353765373936376361333431386535356231623232663162623038373136373461
35316161613065333636653339643238343832373232613865666362666466646436653438653930
33313632323339313935346235656330356533323564386631616263623361386164616538626638
36383565383732386131633030323334643139346539323162323534386436346136333562303164
65393639626232653363343435366137326131346239393731336131653535393739663635623363
30613131653231313837313666393232393136626432336165663663623439373462376130613766
63656666616633343033666437376464376136633632313730326434313565623737316463623236
37623162663331653633343163366361633663306635616334346561653335303664353664343431
36383336633439626334656164643465613436323538643534373563616139353463623334613662
66303033623233336637646663346430393165613335646533346337616638353339303934626137
36633864646563396330653333613464653735616666356364656336326434376237323833306537
30316439616465393033633637643736393966663337383935653030316336326435306333353037
35353837613539373539343866363363323731626466316463613537643965633765376339623332
32623139313239343264633337666232643666613136666135316334376165366334333661626233
31316366386662643830373363316436633931346533366166346631616633366530366562393236
35343137663238343561616433333462366139326531343361636264376161363763386137383363
36356639653365343139363337366132383837336433653132363164323237663233616133666338
36363437366435323936393834633561306338363865373663333630353461633335626564343935
35383238363139356364376430636133313239626231383630663866623163313966313835383730
61633338363865646264363336663735613830383832663334613231643562323637313835653736
35383631626636666538393034323761646564356430386436343736323764313536666439373635
36613037633736633936623261323730353532313438653863356237323065386163383730386539
37333865363834383465353264306138366163653635376666306562616562613435663864633839
63303432346237646334636563663432663238626638383739313534356165313134386563303661
66653764636432383663303938656238356263393432376130363064393137626131646265646233
34623331393162623931633831643765663635313366623961396661643131646330666639356464
30313130383164646237636332376134353563396536396262336434356133323036333364383631
38646361313736616231356537353539316337393061333630393165313639623061356436366665
65623731353362383039303866663939396562666130316433386635646334373831623637306439
34646664626633383639313836353730336635366666383031643235646630393632643131643931
38643461643164356364353236373233303432323063346664386662363666303438656237613061
31656238383934386239313432363161363436646439653266616339313434313039373437313362
63353331343339326265366164626338366435366536393931343266333631363034333166373235
63333836633931636533386132656664326434353537303231623331346233643232396565306464
37633064303038383631383233306232326264306532613037336239383937656238653762363533
39336638663437383733663532366566393236653265643633643038383336386431326239653161
39643836343036366130346230366234373865383461626230626339316439623631343965356431
37343732333461616234373039313863343666386134316266356261363962323031383730343835
64356561623939303534353565323466336132636535303130633134363030316332383335623833
30653934326161353866623835373761616235646234646464633231623264653133306639323335
65393834303538666631396566376635653862393165613530623135323163623964303933306233
39346439366630643539363063656333373765346237303030386632346363663231396337636564
65653938663463353938323638393865373261333439663236396363373230353930613830636139
34643665386264653236663837663462643533333236653666343330383730346437633730323534
34353830366231333763356462316263396130333539336466346338653338333861326135373930
37343161366264323234646335623365356236353061336237356138656336313537643630303238
37623964623135393266333430626466616430303565633665363934313439333536376238373466
62353239353630326336656230373964376231356134663865356362366666343766333634326165
39336639363864623365626338313435346162303066376634643566396330643962386139363139
33633037656433633963636563653636616361373663633036633161353338623266366234326333
65356163356535643036646537663536633736393230326533383138656430643630373065656562
66633137626635643437666135333964313564383532353663643165393865656636643335366335
37623430386166633239366435373037633562313637373033623135303261303164343165646662
30653635346132353330613461393464623930626461366665626139346137353766323066623333
34336664666532303562373138353138626165643334343133306138383332663334326537303037
30663661663431306663343265356434346239306465363038663034613336356237393062646663
66643830623533616138393830323632623135346235613966333437343937333339316366633265
63616666373831326534393836366666343339623135363266343538316336326566653331623832
37616336316537653763343837353337323361316132306461343964346639323638636663663731
66396564306166623266636331343365656635313361633761383038653562376366326436663035
39323737636239376665333230633531366238613461643162613364393938646532363635303335
65313166373265336533346637393938326366646230636334623530346334613538623436626163
65663934333862356538313938383963663761326438326132306333346432633162386536336331
36353831366364623962666635656331303665363164653739303736306161333366616432346561
3833653035666364313037383733623239326330643231323533
