$ANSIBLE_VAULT;1.1;AES256
39396633313366356635326336666638343364313636366335343333643238323838366633633666
6463623837336266396130623665356433356361663535370a343335643266333064396564623038
62636463653136323732393036366230396138633932616139623638356432626464616438383261
6465633831663439320a613066306562616134613666343937373136306630303534313734643065
35356538393437383461353063653035336331383263343730633636316533613561663732316235
34316562363364366239633734376635363239623536653663343035383235626538303638653762
65346333383638633966383361343934626366316339363135386464333534636164626563613439
32303265353931363833616463386562306561373761386138616638353638643063653336366335
33306539623039353566643035353531313536343635656361333536653431333965633263356635
65623964323462643837303935333334613930393134396538633764333965663335653134613337
32656537353062376234363330646436396565373863323138343938396164336336343037653136
36613738626432316361323963666339363166663233373062326338333530656530303466373266
3162
